000001.jpg 0 121 305 147 131 1 180 255 344 486
000002.jpg 2 173 250 68 101
000003.jpg 3 169 175 92 40 4 273 180 68 49
000004.jpg 5 48 336 71 51 5 431 359 138 59 5 284 351 99 47 5 213 345 77 37 5 164 339 50 39 5 129 339 42 28 5 102 336 37 27
000005.jpg 4 293 275 61 128 4 209 318 88 108 4 36 309 62 130 4 268 246 54 105 4 294 203 35 34
000006.jpg 6 234 188 95 107 7 261 292 215 166 4 310 291 111 168 4 315 221 34 52 4 293 210 29 41 4 144 195 14 7 4 146 205 19 14 4 193 293 111 164
000007.jpg 5 320 190 359 280
000008.jpg 4 278 132 172 233
000009.jpg 8 169 251 201 158 1 189 212 79 143 1 306 266 42 130 1 277 263 39 131
000010.jpg 8 172 262 171 330 1 189 178 112 212
000011.jpg 9 228 179 204 257
000012.jpg 5 253 183 195 173
000013.jpg 10 372 206 147 92
000014.jpg 11 187 195 230 65 5 342 255 315 122 5 458 201 84 42 1 329 36 30 57 1 346 32 30 57 1 379 34 44 53 5 215 220 104 47
000015.jpg 12 218 247 283 222
000016.jpg 12 198 272 213 401
000017.jpg 1 232 130 94 137 8 246 207 313 258
000018.jpg 0 194 154 327 249
000019.jpg 9 357 172 252 168 9 138 186 255 146
000020.jpg 5 202 282 338 268
000021.jpg 0 91 311 181 153 1 273 259 126 446 1 108 223 124 283 1 76 300 131 238
000022.jpg 8 218 193 300 180 1 220 137 69 186
000023.jpg 12 127 365 236 270 12 282 360 104 280 12 46 339 88 322 1 59 185 115 368 1 123 232 240 460 1 279 243 109 485
000024.jpg 2 342 206 293 82
000025.jpg 10 30 166 57 164 10 150 197 165 164 10 220 273 313 200 1 408 188 176 373 1 281 189 120 370 1 177 81 85 134 10 112 110 87 134 1 81 96 46 85 1 305 43 52 85 1 332 59 24 74 1 363 54 53 106
000026.jpg 5 213 168 247 87
000027.jpg 1 261 226 175 250
000028.jpg 9 218 259 311 482
000029.jpg 0 170 176 228 227
000030.jpg 12 108 247 144 84 1 100 226 99 132 1 372 214 155 152
000031.jpg 2 235 166 389 178
000032.jpg 13 239 130 271 105 13 165 105 64 35 1 204 204 18 49 1 35 213 18 49
000033.jpg 13 254 185 490 156 13 451 213 61 26 13 368 205 86 35
000034.jpg 2 238 283 244 233 2 237 191 192 76
000035.jpg 1 96 228 190 265 1 341 208 247 220 1 484 256 32 122 7 251 339 497 71
000036.jpg 0 173 211 292 265
000037.jpg 0 262 217 403 243
000038.jpg 12 219 212 120 68 14 22 275 42 80 1 226 175 69 129
000039.jpg 15 250 184 188 190
000040.jpg 16 192 171 383 238
000041.jpg 15 397 77 69 60 1 261 197 91 210 1 195 196 63 96
000042.jpg 2 381 163 237 263 2 118 167 234 263
000043.jpg 1 249 302 150 146 1 127 322 245 355 1 171 253 304 494
000044.jpg 4 185 165 369 329 9 205 157 213 112
000045.jpg 15 381 158 203 188
000046.jpg 16 264 300 106 132
000047.jpg 5 237 156 444 311 4 463 200 48 60
000048.jpg 16 174 286 233 358 1 152 250 300 499
000049.jpg 9 267 179 178 96
000050.jpg 4 449 204 88 102 4 293 149 37 41 17 370 228 21 73 17 410 208 23 54 17 280 213 21 67 17 303 208 18 65 1 180 235 225 279 1 44 201 86 261 1 222 132 74 129 1 346 151 120 174
000051.jpg 14 426 256 148 237 14 266 123 322 244 1 440 128 50 134
000052.jpg 6 436 247 44 31 6 312 253 42 33 6 205 255 44 35 6 75 259 47 30 6 84 114 45 36 6 204 111 41 34
000053.jpg 9 230 137 389 250
000054.jpg 11 248 173 448 238
000055.jpg 14 242 177 66 90 1 246 147 54 80 1 474 298 18 51 1 446 303 20 48
000056.jpg 8 276 197 222 274
000057.jpg 16 259 205 252 305
000058.jpg 1 385 187 102 372 1 252 203 113 246 1 306 160 55 214 14 194 242 330 266
000059.jpg 15 115 183 54 45 15 225 167 96 65 1 219 355 218 290 1 93 314 43 84 1 148 313 46 79 4 317 448 64 103
000060.jpg 5 214 235 426 196 5 240 148 478 173 5 211 84 421 114 5 251 70 414 127 5 337 52 276 92
000061.jpg 18 355 145 163 268 18 232 233 97 38
000062.jpg 19 164 249 213 122
000063.jpg 0 251 195 256 160 4 251 188 353 374
000064.jpg 16 226 261 450 477
000065.jpg 0 200 219 396 230
000066.jpg 1 218 208 19 43 1 258 220 32 77 1 282 223 26 71
000067.jpg 13 247 141 406 138
000068.jpg 16 146 210 239 330
000069.jpg 18 221 127 405 126 1 347 265 85 220
000070.jpg 6 368 180 20 34 6 335 177 45 42
000071.jpg 5 252 174 382 199
000072.jpg 14 186 272 293 402 14 182 89 298 94
000073.jpg 6 248 301 254 317 6 33 306 62 305 18 322 243 105 176 1 84 321 124 357
000074.jpg 5 266 172 417 222
000075.jpg 0 162 215 120 265
000076.jpg 1 164 226 202 297 1 352 225 191 300 1 404 195 84 131 1 486 250 28 186 1 467 232 21 46 1 448 193 19 46 1 267 169 41 55 1 64 224 40 124 1 98 201 43 88 1 13 221 25 124 1 34 187 21 27
000077.jpg 9 370 167 260 332 9 154 167 304 332
000078.jpg 0 245 243 460 337 0 265 139 343 197
000079.jpg 0 195 205 389 304
000080.jpg 18 447 243 15 35 18 409 261 23 90 18 313 244 13 30 18 257 242 23 80 18 198 255 22 64 18 198 232 24 61 18 90 258 41 31 18 19 288 37 24 18 22 249 21 18
000081.jpg 3 348 220 227 124 3 114 244 212 156 1 269 193 143 75 1 400 205 102 121 1 115 247 109 171 1 51 189 44 47 1 365 289 135 87 1 264 272 136 115 1 297 315 54 35
000082.jpg 5 257 195 471 205 5 104 44 206 87
000083.jpg 5 278 171 338 276 1 407 68 55 133 1 165 64 55 101 1 38 112 74 184 1 87 102 54 108 1 57 106 51 111
000084.jpg 4 364 195 51 79 4 318 222 55 102 4 243 175 39 20 4 167 225 51 102 4 261 247 59 111 3 70 325 138 99 7 244 231 176 99
000085.jpg 4 112 191 212 174 7 340 252 318 154 1 138 198 232 257 1 419 105 162 187
000086.jpg 0 332 152 48 42 0 249 162 50 39 0 284 139 28 28
000087.jpg 2 219 185 198 38
000088.jpg 2 311 186 377 358
000089.jpg 1 101 181 163 348 1 263 294 331 159 1 393 253 123 226 4 169 171 295 240
000090.jpg 4 269 171 153 213 1 170 144 274 222 1 278 271 276 124
000091.jpg 5 160 262 70 43 5 93 258 24 20 5 108 262 35 24
000092.jpg 9 207 199 411 267
000093.jpg 0 259 189 169 129 4 276 170 447 335
000094.jpg 14 258 167 484 332 14 72 107 143 107
000095.jpg 2 229 168 419 233 2 57 179 113 109
000096.jpg 1 89 322 174 356 1 235 304 190 391
000097.jpg 3 164 229 212 111 4 78 297 155 155 1 237 187 59 96
000098.jpg 9 193 116 248 92
000099.jpg 9 162 164 316 175
000100.jpg 2 217 134 429 175
